/media/460GB/Development/RISM-MOL-Tools/test/rism-mol-tools_2012_06_05/water.composition water.rism
/media/460GB/Development/RISM-MOL-Tools/test/rism-mol-tools_2012_06_05/CD.xyz CD.pat CD.AT
assignAtomTypes CD.pat oplsaa.ff > CD.AT
BUFFER = 9.448631;
CLOSURE = "KH";
DECAYFACTOR = 100.000000;
DECAYFACTORDIVIDER = 2.000000;
DECAYFACTORMULTIPLIER = 1.200000;
DEPTH = 1.000000;
DIISPOSTDAMPING = 0.300000;
DIISPREDAMPING = 1.000000;
DIVERGENCELAMBDADECAYFACTOR = 10.000000;
FIRSTGROWFACTOR = 1000000000.000000;
GROWFACTOR = 100.000000;
HARDCORERADIIFILE = "Ar.radii";
HARDCORES = "no";
ITERATION = "MDIIS";
LAMBDA = 0.500000;
LJCORRECTION = "yes";
LJPOTENTIALCUTOFF = 15.117809;
MAXCOARSESTEPCOUNT = 1000.000000;
MAXDECAYFACTOR = 100.000000;
MINCOARSEERROR = 0.000000;
MINDECAYFACTOR = 10.000000;
MIXINGRULES = "LorentzBerthelot";
MULTIGRID = "no";
NDIIS = 5.000000;
NESTED = "no";
NGCOEFF = 0.500000;
NORM = "HNC";
NUMBEROFEXTENTIONS = 0.000000;
NUMBEROFMULTIGRIDSUBSTEPS = 1.000000;
NUMBEROFPOSTSMOOTHINGSTEPS = 0.000000;
NUMBEROFPRESMOOTHINGSTEPS = 5.000000;
OMEGADISTANCEUNITS = "Angstr";
OUTPUTENERGYUNITS = "kcal/mol";
SOLUTEDISTANCEUNITS = "Angstr";
SOLUTEENERGYUNITS = "kcal/mol";
SOLUTESTRUCTUREFILE = "CD.rism";
SOLVENTDATAFILE = "water.slv";
SOLVENTDENSITYDISTANCEUNITS = "nm";
SOLVENTDISTANCEUNITS = "Angstr";
SOLVENTOMEGAFILE = "water.omega";
SOLVENTRDFSFILE = "/media/460GB/Development/RISM-MOL-Tools/test/rism-mol-tools_2012_06_05/waterRDFs.txt";
SOLVENTRDFSUNITS = "Bohr";
SOVENTENERGYUNITS = "kcal/mol";
SPACING = 0.944863;
T = 0.000950;
TOLERANCE = 0.000159;

convert chi[0][0] to 3D ...
 done
convert chi[0][1] to 3D ...
 done
convert chi[1][1] to 3D ...
 done
 add 1.000000 * omega(0.000000) to RDF#0 ...
 done
 add 1.000000 * omega(1.889726) to RDF#1 ...
 done
 add 0.500000 * omega(0.000000) to RDF#2 ...
 done
 add 0.500000 * omega(3.076947) to RDF#2 ...
 done
buildPotential4...
...done
F:0
LHS=
5.030350e+05	-1.000000e+00	
1.000000e+00	0.000000e+00	

COND = 1.000000e+00
alpha=1.000000e+00	
skipMatrixShift=0.000000e+00Norm=1.257587e+05
F:1
LHS=
5.030350e+05	1.236436e+05	-1.000000e+00	
1.236436e+05	5.728831e+04	-1.000000e+00	
1.000000e+00	1.000000e+00	0.000000e+00	

COND = 2.902573e+01
alpha=-2.119735e-01	1.211973e+00	
skipMatrixShift=0.000000e+00F:2
Norm=3.056643e+03
F:3
LHS=
5.030350e+05	1.236436e+05	8.525470e+04	-1.000000e+00	
1.236436e+05	5.728831e+04	4.651293e+04	-1.000000e+00	
8.525470e+04	4.651293e+04	3.913944e+04	-1.000000e+00	
1.000000e+00	1.000000e+00	1.000000e+00	0.000000e+00	

COND = 3.536118e+03
alpha=2.374733e-01	-4.332543e+00	5.095069e+00	
skipMatrixShift=0.000000e+00F:4
Norm=8.915408e+03
F:5
LHS=
5.030350e+05	1.236436e+05	8.525470e+04	5.362664e+04	-1.000000e+00	
1.236436e+05	5.728831e+04	4.651293e+04	3.212853e+04	-1.000000e+00	
8.525470e+04	4.651293e+04	3.913944e+04	2.818271e+04	-1.000000e+00	
5.362664e+04	3.212853e+04	2.818271e+04	2.206608e+04	-1.000000e+00	
1.000000e+00	1.000000e+00	1.000000e+00	1.000000e+00	0.000000e+00	

COND = 1.682705e+05
alpha=-7.105647e-01	1.233727e+01	-1.859276e+01	7.966061e+00	
skipMatrixShift=0.000000e+00F:6
Norm=1.514104e+04
F:7
LHS=
5.030350e+05	1.236436e+05	8.525470e+04	5.362664e+04	3.263653e+04	-1.000000e+00	
1.236436e+05	5.728831e+04	4.651293e+04	3.212853e+04	2.097029e+04	-1.000000e+00	
8.525470e+04	4.651293e+04	3.913944e+04	2.818271e+04	1.894471e+04	-1.000000e+00	
5.362664e+04	3.212853e+04	2.818271e+04	2.206608e+04	1.583294e+04	-1.000000e+00	
3.263653e+04	2.097029e+04	1.894471e+04	1.583294e+04	1.232119e+04	-1.000000e+00	
1.000000e+00	1.000000e+00	1.000000e+00	1.000000e+00	1.000000e+00	0.000000e+00	

COND = 1.595885e+06
alpha=1.167370e+00	-2.057931e+01	3.168885e+01	-1.764328e+01	6.366365e+00	
skipMatrixShift=0.000000e+00F:8
Norm=1.616968e+04
F:9
LHS=
5.728831e+04	4.651293e+04	3.212853e+04	2.097029e+04	1.402097e+04	-1.000000e+00	
4.651293e+04	3.913944e+04	2.818271e+04	1.894471e+04	1.282734e+04	-1.000000e+00	
3.212853e+04	2.818271e+04	2.206608e+04	1.583294e+04	1.117373e+04	-1.000000e+00	
2.097029e+04	1.894471e+04	1.583294e+04	1.232119e+04	9.307725e+03	-1.000000e+00	
1.402097e+04	1.282734e+04	1.117373e+04	9.307725e+03	7.567271e+03	-1.000000e+00	
1.000000e+00	1.000000e+00	1.000000e+00	1.000000e+00	1.000000e+00	0.000000e+00	

COND = 8.930066e+03
alpha=-3.063078e-01	1.984132e-01	1.393901e+00	-3.991977e+00	3.705971e+00	
skipMatrixShift=0.000000e+00F:10
Norm=1.277601e+04
F:11
LHS=
3.913944e+04	2.818271e+04	1.894471e+04	1.282734e+04	8.834423e+03	-1.000000e+00	
2.818271e+04	2.206608e+04	1.583294e+04	1.117373e+04	7.965584e+03	-1.000000e+00	
1.894471e+04	1.583294e+04	1.232119e+04	9.307725e+03	7.001232e+03	-1.000000e+00	
1.282734e+04	1.117373e+04	9.307725e+03	7.567271e+03	6.067543e+03	-1.000000e+00	
8.834423e+03	7.965584e+03	7.001232e+03	6.067543e+03	5.164552e+03	-1.000000e+00	
1.000000e+00	1.000000e+00	1.000000e+00	1.000000e+00	1.000000e+00	0.000000e+00	

COND = 4.713563e+04
alpha=4.895084e-01	-2.454335e+00	7.072899e+00	-1.120216e+01	7.094091e+00	
skipMatrixShift=0.000000e+00F:12
Norm=1.562157e+04
F:13
LHS=
2.206608e+04	1.583294e+04	1.117373e+04	7.965584e+03	5.406397e+03	-1.000000e+00	
1.583294e+04	1.232119e+04	9.307725e+03	7.001232e+03	4.941102e+03	-1.000000e+00	
1.117373e+04	9.307725e+03	7.567271e+03	6.067543e+03	4.484544e+03	-1.000000e+00	
7.965584e+03	7.001232e+03	6.067543e+03	5.164552e+03	4.018966e+03	-1.000000e+00	
5.406397e+03	4.941102e+03	4.484544e+03	4.018966e+03	3.347944e+03	-1.000000e+00	
1.000000e+00	1.000000e+00	1.000000e+00	1.000000e+00	1.000000e+00	0.000000e+00	

COND = 5.332813e+04
alpha=5.218526e-01	-2.899248e+00	6.484058e+00	-7.464360e+00	4.357697e+00	
skipMatrixShift=0.000000e+00F:14
Norm=1.041301e+04
F:15
LHS=
1.232119e+04	9.307725e+03	7.001232e+03	4.941102e+03	3.563100e+03	-1.000000e+00	
9.307725e+03	7.567271e+03	6.067543e+03	4.484544e+03	3.322634e+03	-1.000000e+00	
7.001232e+03	6.067543e+03	5.164552e+03	4.018966e+03	3.079061e+03	-1.000000e+00	
4.941102e+03	4.484544e+03	4.018966e+03	3.347944e+03	2.717970e+03	-1.000000e+00	
3.563100e+03	3.322634e+03	3.079061e+03	2.717970e+03	2.347122e+03	-1.000000e+00	
1.000000e+00	1.000000e+00	1.000000e+00	1.000000e+00	1.000000e+00	0.000000e+00	

COND = 2.606763e+04
alpha=3.479978e-01	-1.598788e+00	3.381971e+00	-5.329951e+00	4.198770e+00	
skipMatrixShift=0.000000e+00F:16
Norm=6.905120e+03
F:17
LHS=
7.567271e+03	6.067543e+03	4.484544e+03	3.322634e+03	2.506508e+03	-1.000000e+00	
6.067543e+03	5.164552e+03	4.018966e+03	3.079061e+03	2.390539e+03	-1.000000e+00	
4.484544e+03	4.018966e+03	3.347944e+03	2.717970e+03	2.204041e+03	-1.000000e+00	
3.322634e+03	3.079061e+03	2.717970e+03	2.347122e+03	2.002760e+03	-1.000000e+00	
2.506508e+03	2.390539e+03	2.204041e+03	2.002760e+03	1.790730e+03	-1.000000e+00	
1.000000e+00	1.000000e+00	1.000000e+00	1.000000e+00	1.000000e+00	0.000000e+00	

COND = 7.099539e+04
alpha=1.742034e+00	-6.404879e+00	1.351599e+01	-1.732737e+01	9.474232e+00	
skipMatrixShift=0.000000e+00F:18
Norm=1.038097e+04
F:19
LHS=
5.164552e+03	4.018966e+03	3.079061e+03	2.390539e+03	1.746526e+03	-1.000000e+00	
4.018966e+03	3.347944e+03	2.717970e+03	2.204041e+03	1.654137e+03	-1.000000e+00	
3.079061e+03	2.717970e+03	2.347122e+03	2.002760e+03	1.553978e+03	-1.000000e+00	
2.390539e+03	2.204041e+03	2.002760e+03	1.790730e+03	1.440553e+03	-1.000000e+00	
1.746526e+03	1.654137e+03	1.553978e+03	1.440553e+03	1.221465e+03	-1.000000e+00	
1.000000e+00	1.000000e+00	1.000000e+00	1.000000e+00	1.000000e+00	0.000000e+00	

COND = 2.254796e+04
alpha=7.657586e-02	-6.978293e-01	2.366642e+00	-4.305328e+00	3.559940e+00	
skipMatrixShift=0.000000e+00F:20
Norm=7.808345e+03
F:21
LHS=
3.347944e+03	2.717970e+03	2.204041e+03	1.654137e+03	1.226243e+03	-1.000000e+00	
2.717970e+03	2.347122e+03	2.002760e+03	1.553978e+03	1.178616e+03	-1.000000e+00	
2.204041e+03	2.002760e+03	1.790730e+03	1.440553e+03	1.121521e+03	-1.000000e+00	
1.654137e+03	1.553978e+03	1.440553e+03	1.221465e+03	1.000876e+03	-1.000000e+00	
1.226243e+03	1.178616e+03	1.121521e+03	1.000876e+03	8.662254e+02	-1.000000e+00	
1.000000e+00	1.000000e+00	1.000000e+00	1.000000e+00	1.000000e+00	0.000000e+00	

COND = 2.914490e+04
alpha=6.431250e-01	-2.806842e+00	6.586020e+00	-1.002991e+01	6.607610e+00	
skipMatrixShift=0.000000e+00F:22
Norm=6.759936e+03
F:23
LHS=
2.347122e+03	2.002760e+03	1.553978e+03	1.178616e+03	8.779790e+02	-1.000000e+00	
2.002760e+03	1.790730e+03	1.440553e+03	1.121521e+03	8.441504e+02	-1.000000e+00	
1.553978e+03	1.440553e+03	1.221465e+03	1.000876e+03	7.776869e+02	-1.000000e+00	
1.178616e+03	1.121521e+03	1.000876e+03	8.662254e+02	7.030498e+02	-1.000000e+00	
8.779790e+02	8.441504e+02	7.776869e+02	7.030498e+02	6.038876e+02	-1.000000e+00	
1.000000e+00	1.000000e+00	1.000000e+00	1.000000e+00	1.000000e+00	0.000000e+00	

COND = 5.654447e+04
alpha=6.419223e-01	-3.744016e+00	7.954314e+00	-8.558039e+00	4.705819e+00	
skipMatrixShift=0.000000e+00F:24
Norm=5.108280e+03
F:25
LHS=
1.790730e+03	1.440553e+03	1.121521e+03	8.441504e+02	6.288443e+02	-1.000000e+00	
1.440553e+03	1.221465e+03	1.000876e+03	7.776869e+02	5.957047e+02	-1.000000e+00	
1.121521e+03	1.000876e+03	8.662254e+02	7.030498e+02	5.586230e+02	-1.000000e+00	
8.441504e+02	7.776869e+02	7.030498e+02	6.038876e+02	5.057485e+02	-1.000000e+00	
6.288443e+02	5.957047e+02	5.586230e+02	5.057485e+02	4.467256e+02	-1.000000e+00	
1.000000e+00	1.000000e+00	1.000000e+00	1.000000e+00	1.000000e+00	0.000000e+00	

COND = 4.048241e+04
alpha=9.950310e-01	-3.127836e+00	5.976066e+00	-8.700041e+00	5.856780e+00	
skipMatrixShift=0.000000e+00F:26
Norm=3.868702e+03
F:27
LHS=
1.221465e+03	1.000876e+03	7.776869e+02	5.957047e+02	4.557778e+02	-1.000000e+00	
1.000876e+03	8.662254e+02	7.030498e+02	5.586230e+02	4.357078e+02	-1.000000e+00	
7.776869e+02	7.030498e+02	6.038876e+02	5.057485e+02	4.085904e+02	-1.000000e+00	
5.957047e+02	5.586230e+02	5.057485e+02	4.467256e+02	3.769463e+02	-1.000000e+00	
4.557778e+02	4.357078e+02	4.085904e+02	3.769463e+02	3.344190e+02	-1.000000e+00	
1.000000e+00	1.000000e+00	1.000000e+00	1.000000e+00	1.000000e+00	0.000000e+00	

COND = 3.256227e+04
alpha=1.789937e-02	-1.746611e+00	5.690695e+00	-7.880199e+00	4.918216e+00	
skipMatrixShift=0.000000e+00F:28
Norm=2.705373e+03
F:29
LHS=
8.662254e+02	7.030498e+02	5.586230e+02	4.357078e+02	3.432010e+02	-1.000000e+00	
7.030498e+02	6.038876e+02	5.057485e+02	4.085904e+02	3.295769e+02	-1.000000e+00	
5.586230e+02	5.057485e+02	4.467256e+02	3.769463e+02	3.131133e+02	-1.000000e+00	
4.357078e+02	4.085904e+02	3.769463e+02	3.344190e+02	2.897788e+02	-1.000000e+00	
3.432010e+02	3.295769e+02	3.131133e+02	2.897788e+02	2.626051e+02	-1.000000e+00	
1.000000e+00	1.000000e+00	1.000000e+00	1.000000e+00	1.000000e+00	0.000000e+00	

COND = 1.499217e+05
alpha=4.010302e+00	-1.308072e+01	1.876228e+01	-1.711209e+01	8.420228e+00	
skipMatrixShift=0.000000e+00F:30
Norm=2.873183e+03
F:31
LHS=
6.038876e+02	5.057485e+02	4.085904e+02	3.295769e+02	2.601697e+02	-1.000000e+00	
5.057485e+02	4.467256e+02	3.769463e+02	3.131133e+02	2.513141e+02	-1.000000e+00	
4.085904e+02	3.769463e+02	3.344190e+02	2.897788e+02	2.393500e+02	-1.000000e+00	
3.295769e+02	3.131133e+02	2.897788e+02	2.626051e+02	2.249485e+02	-1.000000e+00	
2.601697e+02	2.513141e+02	2.393500e+02	2.249485e+02	2.021004e+02	-1.000000e+00	
1.000000e+00	1.000000e+00	1.000000e+00	1.000000e+00	1.000000e+00	0.000000e+00	

COND = 1.624866e+04
alpha=-3.531622e-02	-3.389744e-01	1.788344e+00	-3.870998e+00	3.456945e+00	
skipMatrixShift=0.000000e+00F:32
Norm=1.876925e+03
F:33
LHS=
4.467256e+02	3.769463e+02	3.131133e+02	2.513141e+02	2.066187e+02	-1.000000e+00	
3.769463e+02	3.344190e+02	2.897788e+02	2.393500e+02	2.005016e+02	-1.000000e+00	
3.131133e+02	2.897788e+02	2.626051e+02	2.249485e+02	1.931263e+02	-1.000000e+00	
2.513141e+02	2.393500e+02	2.249485e+02	2.021004e+02	1.806437e+02	-1.000000e+00	
2.066187e+02	2.005016e+02	1.931263e+02	1.806437e+02	1.674421e+02	-1.000000e+00	
1.000000e+00	1.000000e+00	1.000000e+00	1.000000e+00	1.000000e+00	0.000000e+00	

COND = 6.349781e+04
alpha=1.028262e+00	-4.851111e+00	1.221693e+01	-1.800798e+01	1.061389e+01	
skipMatrixShift=0.000000e+00F:34
Norm=2.718180e+03
F:35
LHS=
3.344190e+02	2.897788e+02	2.393500e+02	2.005016e+02	1.612673e+02	-1.000000e+00	
2.897788e+02	2.626051e+02	2.249485e+02	1.931263e+02	1.575779e+02	-1.000000e+00	
2.393500e+02	2.249485e+02	2.021004e+02	1.806437e+02	1.514688e+02	-1.000000e+00	
2.005016e+02	1.931263e+02	1.806437e+02	1.674421e+02	1.447078e+02	-1.000000e+00	
1.612673e+02	1.575779e+02	1.514688e+02	1.447078e+02	1.310989e+02	-1.000000e+00	
1.000000e+00	1.000000e+00	1.000000e+00	1.000000e+00	1.000000e+00	0.000000e+00	

COND = 1.341114e+05
alpha=1.416376e+00	-6.649068e+00	1.258681e+01	-1.095340e+01	4.599281e+00	
skipMatrixShift=0.000000e+00F:36
Norm=1.595237e+03
F:37
LHS=
2.626051e+02	2.249485e+02	1.931263e+02	1.575779e+02	1.317493e+02	-1.000000e+00	
2.249485e+02	2.021004e+02	1.806437e+02	1.514688e+02	1.286560e+02	-1.000000e+00	
1.931263e+02	1.806437e+02	1.674421e+02	1.447078e+02	1.252510e+02	-1.000000e+00	
1.575779e+02	1.514688e+02	1.447078e+02	1.310989e+02	1.177495e+02	-1.000000e+00	
1.317493e+02	1.286560e+02	1.252510e+02	1.177495e+02	1.094335e+02	-1.000000e+00	
1.000000e+00	1.000000e+00	1.000000e+00	1.000000e+00	1.000000e+00	0.000000e+00	

COND = 2.682158e+04
alpha=2.047481e-01	-1.071228e+00	3.249159e+00	-6.470926e+00	5.088247e+00	
skipMatrixShift=0.000000e+00F:38
Norm=1.188667e+03
stateCheck: error =1.188667e+03 < 1.000000e-02 * 1.257587e+05
NormError: 1.729910e-01
F:39
LHS=
2.021004e+02	1.806437e+02	1.514688e+02	1.286560e+02	1.097459e+02	-1.000000e+00	
1.806437e+02	1.674421e+02	1.447078e+02	1.252510e+02	1.080435e+02	-1.000000e+00	
1.514688e+02	1.447078e+02	1.310989e+02	1.177495e+02	1.041193e+02	-1.000000e+00	
1.286560e+02	1.252510e+02	1.177495e+02	1.094335e+02	9.952505e+01	-1.000000e+00	
1.097459e+02	1.080435e+02	1.041193e+02	9.952505e+01	9.324813e+01	-1.000000e+00	
1.000000e+00	1.000000e+00	1.000000e+00	1.000000e+00	1.000000e+00	0.000000e+00	

COND = 6.460225e+04
alpha=9.319948e-01	-4.935639e+00	1.229690e+01	-1.501405e+01	7.720795e+00	
skipMatrixShift=0.000000e+00F:40
Norm=1.256046e+03
F:41
LHS=
1.674421e+02	1.447078e+02	1.252510e+02	1.080435e+02	9.158149e+01	-1.000000e+00	
1.447078e+02	1.310989e+02	1.177495e+02	1.041193e+02	8.959551e+01	-1.000000e+00	
1.252510e+02	1.177495e+02	1.094335e+02	9.952505e+01	8.726694e+01	-1.000000e+00	
1.080435e+02	1.041193e+02	9.952505e+01	9.324813e+01	8.393864e+01	-1.000000e+00	
9.158149e+01	8.959551e+01	8.726694e+01	8.393864e+01	7.838864e+01	-1.000000e+00	
1.000000e+00	1.000000e+00	1.000000e+00	1.000000e+00	1.000000e+00	0.000000e+00	

COND = 1.020990e+05
alpha=1.202703e+00	-4.684912e+00	7.517826e+00	-7.198550e+00	4.162932e+00	
skipMatrixShift=0.000000e+00F:42
Norm=6.879975e+02
F:43
LHS=
1.310989e+02	1.177495e+02	1.041193e+02	8.959551e+01	7.910753e+01	-1.000000e+00	
1.177495e+02	1.094335e+02	9.952505e+01	8.726694e+01	7.788854e+01	-1.000000e+00	
1.041193e+02	9.952505e+01	9.324813e+01	8.393864e+01	7.617118e+01	-1.000000e+00	
8.959551e+01	8.726694e+01	8.393864e+01	7.838864e+01	7.312509e+01	-1.000000e+00	
7.910753e+01	7.788854e+01	7.617118e+01	7.312509e+01	6.985796e+01	-1.000000e+00	
1.000000e+00	1.000000e+00	1.000000e+00	1.000000e+00	1.000000e+00	0.000000e+00	

COND = 2.966217e+04
alpha=2.340814e-01	-1.311208e+00	4.060084e+00	-7.621607e+00	5.638650e+00	
skipMatrixShift=0.000000e+00F:44
Norm=5.367583e+02
F:45
LHS=
1.094335e+02	9.952505e+01	8.726694e+01	7.788854e+01	7.010758e+01	-1.000000e+00	
9.952505e+01	9.324813e+01	8.393864e+01	7.617118e+01	6.919232e+01	-1.000000e+00	
8.726694e+01	8.393864e+01	7.838864e+01	7.312509e+01	6.760951e+01	-1.000000e+00	
7.788854e+01	7.617118e+01	7.312509e+01	6.985796e+01	6.582997e+01	-1.000000e+00	
7.010758e+01	6.919232e+01	6.760951e+01	6.582997e+01	6.330298e+01	-1.000000e+00	
1.000000e+00	1.000000e+00	1.000000e+00	1.000000e+00	1.000000e+00	0.000000e+00	

COND = 1.378977e+05
alpha=1.240233e+00	-7.180027e+00	1.737636e+01	-1.932659e+01	8.890027e+00	
skipMatrixShift=0.000000e+00F:46
Norm=6.898492e+02
F:47
LHS=
9.324813e+01	8.393864e+01	7.617118e+01	6.919232e+01	6.243216e+01	-1.000000e+00	
8.393864e+01	7.838864e+01	7.312509e+01	6.760951e+01	6.162824e+01	-1.000000e+00	
7.617118e+01	7.312509e+01	6.985796e+01	6.582997e+01	6.073427e+01	-1.000000e+00	
6.919232e+01	6.760951e+01	6.582997e+01	6.330298e+01	5.937227e+01	-1.000000e+00	
6.243216e+01	6.162824e+01	6.073427e+01	5.937227e+01	5.694831e+01	-1.000000e+00	
1.000000e+00	1.000000e+00	1.000000e+00	1.000000e+00	1.000000e+00	0.000000e+00	

COND = 1.285855e+05
alpha=4.381462e-01	-1.796812e+00	3.400689e+00	-4.657569e+00	3.615546e+00	
skipMatrixShift=0.000000e+00F:48
Norm=4.768046e+02
F:49
LHS=
7.838864e+01	7.312509e+01	6.760951e+01	6.162824e+01	5.717111e+01	-1.000000e+00	
7.312509e+01	6.985796e+01	6.582997e+01	6.073427e+01	5.671081e+01	-1.000000e+00	
6.760951e+01	6.582997e+01	6.330298e+01	5.937227e+01	5.598948e+01	-1.000000e+00	
6.162824e+01	6.073427e+01	5.937227e+01	5.694831e+01	5.460976e+01	-1.000000e+00	
5.717111e+01	5.671081e+01	5.598948e+01	5.460976e+01	5.311761e+01	-1.000000e+00	
1.000000e+00	1.000000e+00	1.000000e+00	1.000000e+00	1.000000e+00	0.000000e+00	

COND = 5.156106e+04
alpha=3.597140e-01	-1.921891e+00	5.776187e+00	-1.017791e+01	6.963905e+00	
skipMatrixShift=0.000000e+00F:50
Norm=5.838781e+02
F:51
LHS=
6.985796e+01	6.582997e+01	6.073427e+01	5.671081e+01	5.289357e+01	-1.000000e+00	
6.582997e+01	6.330298e+01	5.937227e+01	5.598948e+01	5.249473e+01	-1.000000e+00	
6.073427e+01	5.937227e+01	5.694831e+01	5.460976e+01	5.176712e+01	-1.000000e+00	
5.671081e+01	5.598948e+01	5.460976e+01	5.311761e+01	5.096220e+01	-1.000000e+00	
5.289357e+01	5.249473e+01	5.176712e+01	5.096220e+01	4.964408e+01	-1.000000e+00	
1.000000e+00	1.000000e+00	1.000000e+00	1.000000e+00	1.000000e+00	0.000000e+00	

COND = 2.865862e+05
alpha=1.701472e+00	-9.121089e+00	1.951245e+01	-1.846958e+01	7.376741e+00	
skipMatrixShift=0.000000e+00F:52
Norm=5.686622e+02
F:53
LHS=
6.330298e+01	5.937227e+01	5.598948e+01	5.249473e+01	4.940653e+01	-1.000000e+00	
5.937227e+01	5.694831e+01	5.460976e+01	5.176712e+01	4.899945e+01	-1.000000e+00	
5.598948e+01	5.460976e+01	5.311761e+01	5.096220e+01	4.857789e+01	-1.000000e+00	
5.249473e+01	5.176712e+01	5.096220e+01	4.964408e+01	4.786696e+01	-1.000000e+00	
4.940653e+01	4.899945e+01	4.857789e+01	4.786696e+01	4.675246e+01	-1.000000e+00	
1.000000e+00	1.000000e+00	1.000000e+00	1.000000e+00	1.000000e+00	0.000000e+00	

COND = 1.306394e+05
alpha=3.421587e-01	-1.667131e+00	3.578188e+00	-5.398917e+00	4.145700e+00	
skipMatrixShift=0.000000e+00F:54
Norm=4.487876e+02
F:55
LHS=
5.694831e+01	5.460976e+01	5.176712e+01	4.899945e+01	4.669728e+01	-1.000000e+00	
5.460976e+01	5.311761e+01	5.096220e+01	4.857789e+01	4.646523e+01	-1.000000e+00	
5.176712e+01	5.096220e+01	4.964408e+01	4.786696e+01	4.609858e+01	-1.000000e+00	
4.899945e+01	4.857789e+01	4.786696e+01	4.675246e+01	4.546702e+01	-1.000000e+00	
4.669728e+01	4.646523e+01	4.609858e+01	4.546702e+01	4.460648e+01	-1.000000e+00	
1.000000e+00	1.000000e+00	1.000000e+00	1.000000e+00	1.000000e+00	0.000000e+00	

COND = 9.706444e+04
alpha=5.595159e-01	-3.574358e+00	1.096016e+01	-1.680802e+01	9.862708e+00	
skipMatrixShift=0.000000e+00F:56
Norm=9.197632e+02
F:57
LHS=
5.311761e+01	5.096220e+01	4.857789e+01	4.646523e+01	4.364889e+01	-1.000000e+00	
5.096220e+01	4.964408e+01	4.786696e+01	4.609858e+01	4.347281e+01	-1.000000e+00	
4.857789e+01	4.786696e+01	4.675246e+01	4.546702e+01	4.317037e+01	-1.000000e+00	
4.646523e+01	4.609858e+01	4.546702e+01	4.460648e+01	4.271540e+01	-1.000000e+00	
4.364889e+01	4.347281e+01	4.317037e+01	4.271540e+01	4.151023e+01	-1.000000e+00	
1.000000e+00	1.000000e+00	1.000000e+00	1.000000e+00	1.000000e+00	0.000000e+00	

COND = 4.349771e+05
alpha=3.008447e+00	-1.366457e+01	2.488356e+01	-2.011955e+01	6.892118e+00	
skipMatrixShift=0.000000e+00F:58
Norm=9.240487e+02
F:59
LHS=
4.964408e+01	4.786696e+01	4.609858e+01	4.347281e+01	4.075463e+01	-1.000000e+00	
4.786696e+01	4.675246e+01	4.546702e+01	4.317037e+01	4.062074e+01	-1.000000e+00	
4.609858e+01	4.546702e+01	4.460648e+01	4.271540e+01	4.040790e+01	-1.000000e+00	
4.347281e+01	4.317037e+01	4.271540e+01	4.151023e+01	3.974916e+01	-1.000000e+00	
4.075463e+01	4.062074e+01	4.040790e+01	3.974916e+01	3.864047e+01	-1.000000e+00	
1.000000e+00	1.000000e+00	1.000000e+00	1.000000e+00	1.000000e+00	0.000000e+00	

COND = 8.987648e+04
alpha=-4.865557e-02	-1.370558e-01	1.573240e+00	-4.167669e+00	3.780140e+00	
skipMatrixShift=0.000000e+00F:60
Norm=6.069000e+02
F:61
LHS=
4.675246e+01	4.546702e+01	4.317037e+01	4.062074e+01	3.846833e+01	-1.000000e+00	
4.546702e+01	4.460648e+01	4.271540e+01	4.040790e+01	3.837744e+01	-1.000000e+00	
4.317037e+01	4.271540e+01	4.151023e+01	3.974916e+01	3.803286e+01	-1.000000e+00	
4.062074e+01	4.040790e+01	3.974916e+01	3.864047e+01	3.740268e+01	-1.000000e+00	
3.846833e+01	3.837744e+01	3.803286e+01	3.740268e+01	3.657408e+01	-1.000000e+00	
1.000000e+00	1.000000e+00	1.000000e+00	1.000000e+00	1.000000e+00	0.000000e+00	

COND = 1.282346e+05
alpha=1.681421e+00	-7.362558e+00	1.849132e+01	-2.595513e+01	1.414495e+01	
skipMatrixShift=0.000000e+00F:62
Norm=1.329791e+03
F:63
LHS=
4.460648e+01	4.271540e+01	4.040790e+01	3.837744e+01	3.513432e+01	-1.000000e+00	
4.271540e+01	4.151023e+01	3.974916e+01	3.803286e+01	3.495737e+01	-1.000000e+00	
4.040790e+01	3.974916e+01	3.864047e+01	3.740268e+01	3.465681e+01	-1.000000e+00	
3.837744e+01	3.803286e+01	3.740268e+01	3.657408e+01	3.422720e+01	-1.000000e+00	
3.513432e+01	3.495737e+01	3.465681e+01	3.422720e+01	3.275614e+01	-1.000000e+00	
1.000000e+00	1.000000e+00	1.000000e+00	1.000000e+00	1.000000e+00	0.000000e+00	

COND = 3.818043e+05
alpha=2.203718e+00	-9.630461e+00	1.690340e+01	-1.310040e+01	4.623743e+00	
skipMatrixShift=0.000000e+00F:64
Norm=8.787085e+02
F:65
LHS=
4.151023e+01	3.974916e+01	3.803286e+01	3.495737e+01	3.229480e+01	-1.000000e+00	
3.974916e+01	3.864047e+01	3.740268e+01	3.465681e+01	3.215176e+01	-1.000000e+00	
3.803286e+01	3.740268e+01	3.657408e+01	3.422720e+01	3.194383e+01	-1.000000e+00	
3.495737e+01	3.465681e+01	3.422720e+01	3.275614e+01	3.112049e+01	-1.000000e+00	
3.229480e+01	3.215176e+01	3.194383e+01	3.112049e+01	3.008626e+01	-1.000000e+00	
1.000000e+00	1.000000e+00	1.000000e+00	1.000000e+00	1.000000e+00	0.000000e+00	

COND = 6.406137e+04
alpha=-5.096592e-03	-4.669011e-01	2.531452e+00	-5.821883e+00	4.762429e+00	
skipMatrixShift=0.000000e+00F:66
Norm=6.160470e+02
F:67
LHS=
3.864047e+01	3.740268e+01	3.465681e+01	3.215176e+01	2.996024e+01	-1.000000e+00	
3.740268e+01	3.657408e+01	3.422720e+01	3.194383e+01	2.986036e+01	-1.000000e+00	
3.465681e+01	3.422720e+01	3.275614e+01	3.112049e+01	2.942409e+01	-1.000000e+00	
3.215176e+01	3.194383e+01	3.112049e+01	3.008626e+01	2.884575e+01	-1.000000e+00	
2.996024e+01	2.986036e+01	2.942409e+01	2.884575e+01	2.804023e+01	-1.000000e+00	
1.000000e+00	1.000000e+00	1.000000e+00	1.000000e+00	1.000000e+00	0.000000e+00	

COND = 1.502161e+05
alpha=1.702856e+00	-8.579576e+00	2.100195e+01	-2.508526e+01	1.196003e+01	
skipMatrixShift=0.000000e+00F:68
Norm=1.009657e+03
F:69
LHS=
3.657408e+01	3.422720e+01	3.194383e+01	2.986036e+01	2.722969e+01	-1.000000e+00	
3.422720e+01	3.275614e+01	3.112049e+01	2.942409e+01	2.699902e+01	-1.000000e+00	
3.194383e+01	3.112049e+01	3.008626e+01	2.884575e+01	2.670797e+01	-1.000000e+00	
2.986036e+01	2.942409e+01	2.884575e+01	2.804023e+01	2.627962e+01	-1.000000e+00	
2.722969e+01	2.699902e+01	2.670797e+01	2.627962e+01	2.517633e+01	-1.000000e+00	
1.000000e+00	1.000000e+00	1.000000e+00	1.000000e+00	1.000000e+00	0.000000e+00	

COND = 2.651049e+05
alpha=1.594229e+00	-6.120837e+00	9.528345e+00	-8.070432e+00	4.068695e+00	
skipMatrixShift=0.000000e+00F:70
Norm=6.463734e+02
F:71
LHS=
3.275614e+01	3.112049e+01	2.942409e+01	2.699902e+01	2.501242e+01	-1.000000e+00	
3.112049e+01	3.008626e+01	2.884575e+01	2.670797e+01	2.486396e+01	-1.000000e+00	
2.942409e+01	2.884575e+01	2.804023e+01	2.627962e+01	2.464748e+01	-1.000000e+00	
2.699902e+01	2.670797e+01	2.627962e+01	2.517633e+01	2.401980e+01	-1.000000e+00	
2.501242e+01	2.486396e+01	2.464748e+01	2.401980e+01	2.328153e+01	-1.000000e+00	
1.000000e+00	1.000000e+00	1.000000e+00	1.000000e+00	1.000000e+00	0.000000e+00	

COND = 3.934310e+04
alpha=3.450215e-02	-6.195019e-01	3.050679e+00	-6.750015e+00	5.284336e+00	
skipMatrixShift=0.000000e+00F:72
Norm=5.127111e+02
F:73
LHS=
3.008626e+01	2.884575e+01	2.670797e+01	2.486396e+01	2.321417e+01	-1.000000e+00	
2.884575e+01	2.804023e+01	2.627962e+01	2.464748e+01	2.310533e+01	-1.000000e+00	
2.670797e+01	2.627962e+01	2.517633e+01	2.401980e+01	2.277064e+01	-1.000000e+00	
2.486396e+01	2.464748e+01	2.401980e+01	2.328153e+01	2.236484e+01	-1.000000e+00	
2.321417e+01	2.310533e+01	2.277064e+01	2.236484e+01	2.179771e+01	-1.000000e+00	
1.000000e+00	1.000000e+00	1.000000e+00	1.000000e+00	1.000000e+00	0.000000e+00	

COND = 2.457369e+05
alpha=1.956206e+00	-1.033710e+01	2.376637e+01	-2.521889e+01	1.083341e+01	
skipMatrixShift=0.000000e+00F:74
Norm=6.377304e+02
F:75
LHS=
2.804023e+01	2.627962e+01	2.464748e+01	2.310533e+01	2.150501e+01	-1.000000e+00	
2.627962e+01	2.517633e+01	2.401980e+01	2.277064e+01	2.132152e+01	-1.000000e+00	
2.464748e+01	2.401980e+01	2.328153e+01	2.236484e+01	2.111315e+01	-1.000000e+00	
2.310533e+01	2.277064e+01	2.236484e+01	2.179771e+01	2.081274e+01	-1.000000e+00	
2.150501e+01	2.132152e+01	2.111315e+01	2.081274e+01	2.019188e+01	-1.000000e+00	
1.000000e+00	1.000000e+00	1.000000e+00	1.000000e+00	1.000000e+00	0.000000e+00	

COND = 2.070799e+05
alpha=7.675239e-01	-3.093573e+00	5.254056e+00	-5.835389e+00	3.907382e+00	
skipMatrixShift=0.000000e+00F:76
Norm=4.644355e+02
F:77
LHS=
2.517633e+01	2.401980e+01	2.277064e+01	2.132152e+01	2.011643e+01	-1.000000e+00	
2.401980e+01	2.328153e+01	2.236484e+01	2.111315e+01	2.000534e+01	-1.000000e+00	
2.277064e+01	2.236484e+01	2.179771e+01	2.081274e+01	1.985302e+01	-1.000000e+00	
2.132152e+01	2.111315e+01	2.081274e+01	2.019188e+01	1.949616e+01	-1.000000e+00	
2.011643e+01	2.000534e+01	1.985302e+01	1.949616e+01	1.902834e+01	-1.000000e+00	
1.000000e+00	1.000000e+00	1.000000e+00	1.000000e+00	1.000000e+00	0.000000e+00	

COND = 5.905662e+04
alpha=2.624437e-01	-2.146639e+00	7.749750e+00	-1.360016e+01	8.734603e+00	
skipMatrixShift=0.000000e+00F:78
Norm=7.748762e+02
F:79
LHS=
2.328153e+01	2.236484e+01	2.111315e+01	2.000534e+01	1.858918e+01	-1.000000e+00	
2.236484e+01	2.179771e+01	2.081274e+01	1.985302e+01	1.851226e+01	-1.000000e+00	
2.111315e+01	2.081274e+01	2.019188e+01	1.949616e+01	1.833754e+01	-1.000000e+00	
2.000534e+01	1.985302e+01	1.949616e+01	1.902834e+01	1.808991e+01	-1.000000e+00	
1.858918e+01	1.851226e+01	1.833754e+01	1.808991e+01	1.750172e+01	-1.000000e+00	
1.000000e+00	1.000000e+00	1.000000e+00	1.000000e+00	1.000000e+00	0.000000e+00	

COND = 4.344926e+05
alpha=3.193503e+00	-1.651891e+01	3.335682e+01	-2.806152e+01	9.030106e+00	
skipMatrixShift=0.000000e+00F:80
Norm=8.176072e+02
F:81
LHS=
2.179771e+01	2.081274e+01	1.985302e+01	1.851226e+01	1.707685e+01	-1.000000e+00	
2.081274e+01	2.019188e+01	1.949616e+01	1.833754e+01	1.698743e+01	-1.000000e+00	
1.985302e+01	1.949616e+01	1.902834e+01	1.808991e+01	1.686530e+01	-1.000000e+00	
1.851226e+01	1.833754e+01	1.808991e+01	1.750172e+01	1.654640e+01	-1.000000e+00	
1.707685e+01	1.698743e+01	1.686530e+01	1.654640e+01	1.593381e+01	-1.000000e+00	
1.000000e+00	1.000000e+00	1.000000e+00	1.000000e+00	1.000000e+00	0.000000e+00	

COND = 1.222427e+05
alpha=-8.991893e-02	-2.864679e-01	1.952609e+00	-4.441883e+00	3.865661e+00	
skipMatrixShift=0.000000e+00F:82
Norm=6.119023e+02
F:83
LHS=
2.019188e+01	1.949616e+01	1.833754e+01	1.698743e+01	1.579559e+01	-1.000000e+00	
1.949616e+01	1.902834e+01	1.808991e+01	1.686530e+01	1.573612e+01	-1.000000e+00	
1.833754e+01	1.808991e+01	1.750172e+01	1.654640e+01	1.557250e+01	-1.000000e+00	
1.698743e+01	1.686530e+01	1.654640e+01	1.593381e+01	1.521655e+01	-1.000000e+00	
1.579559e+01	1.573612e+01	1.557250e+01	1.521655e+01	1.472469e+01	-1.000000e+00	
1.000000e+00	1.000000e+00	1.000000e+00	1.000000e+00	1.000000e+00	0.000000e+00	

COND = 7.096595e+04
alpha=9.546842e-01	-4.642190e+00	1.345343e+01	-2.079244e+01	1.202652e+01	
skipMatrixShift=0.000000e+00F:84
Norm=1.464722e+03
F:85
LHS=
1.902834e+01	1.808991e+01	1.686530e+01	1.573612e+01	1.394774e+01	-1.000000e+00	
1.808991e+01	1.750172e+01	1.654640e+01	1.557250e+01	1.387394e+01	-1.000000e+00	
1.686530e+01	1.654640e+01	1.593381e+01	1.521655e+01	1.370894e+01	-1.000000e+00	
1.573612e+01	1.557250e+01	1.521655e+01	1.472469e+01	1.345509e+01	-1.000000e+00	
1.394774e+01	1.387394e+01	1.370894e+01	1.345509e+01	1.267638e+01	-1.000000e+00	
1.000000e+00	1.000000e+00	1.000000e+00	1.000000e+00	1.000000e+00	0.000000e+00	

COND = 3.489222e+05
alpha=2.764677e+00	-1.260184e+01	2.282564e+01	-1.755193e+01	5.563456e+00	
skipMatrixShift=0.000000e+00F:86
Norm=8.626570e+02
F:87
LHS=
1.750172e+01	1.654640e+01	1.557250e+01	1.387394e+01	1.243393e+01	-1.000000e+00	
1.654640e+01	1.593381e+01	1.521655e+01	1.370894e+01	1.236014e+01	-1.000000e+00	
1.557250e+01	1.521655e+01	1.472469e+01	1.345509e+01	1.223752e+01	-1.000000e+00	
1.387394e+01	1.370894e+01	1.345509e+01	1.267638e+01	1.180645e+01	-1.000000e+00	
1.243393e+01	1.236014e+01	1.223752e+01	1.180645e+01	1.126872e+01	-1.000000e+00	
1.000000e+00	1.000000e+00	1.000000e+00	1.000000e+00	1.000000e+00	0.000000e+00	

COND = 5.963163e+04
alpha=-1.225380e-01	1.575157e-01	1.065259e+00	-3.850467e+00	3.750231e+00	
skipMatrixShift=0.000000e+00F:88
Norm=4.449681e+02
F:89
LHS=
1.593381e+01	1.521655e+01	1.370894e+01	1.236014e+01	1.131109e+01	-1.000000e+00	
1.521655e+01	1.472469e+01	1.345509e+01	1.223752e+01	1.125383e+01	-1.000000e+00	
1.370894e+01	1.345509e+01	1.267638e+01	1.180645e+01	1.102187e+01	-1.000000e+00	
1.236014e+01	1.223752e+01	1.180645e+01	1.126872e+01	1.071974e+01	-1.000000e+00	
1.131109e+01	1.125383e+01	1.102187e+01	1.071974e+01	1.036499e+01	-1.000000e+00	
1.000000e+00	1.000000e+00	1.000000e+00	1.000000e+00	1.000000e+00	0.000000e+00	

COND = 1.124851e+05
alpha=1.307010e+00	-6.498302e+00	1.835407e+01	-2.607303e+01	1.391025e+01	
skipMatrixShift=0.000000e+00F:90
Norm=6.978667e+02
F:91
LHS=
1.472469e+01	1.345509e+01	1.223752e+01	1.125383e+01	9.949215e+00	-1.000000e+00	
1.345509e+01	1.267638e+01	1.180645e+01	1.102187e+01	9.822697e+00	-1.000000e+00	
1.223752e+01	1.180645e+01	1.126872e+01	1.071974e+01	9.674755e+00	-1.000000e+00	
1.125383e+01	1.102187e+01	1.071974e+01	1.036499e+01	9.493768e+00	-1.000000e+00	
9.949215e+00	9.822697e+00	9.674755e+00	9.493768e+00	8.961865e+00	-1.000000e+00	
1.000000e+00	1.000000e+00	1.000000e+00	1.000000e+00	1.000000e+00	0.000000e+00	

COND = 3.568526e+05
alpha=2.124287e+00	-9.709929e+00	1.681380e+01	-1.273437e+01	4.506207e+00	
skipMatrixShift=0.000000e+00F:92
Norm=4.056066e+02
F:93
LHS=
1.267638e+01	1.180645e+01	1.102187e+01	9.822697e+00	8.872423e+00	-1.000000e+00	
1.180645e+01	1.126872e+01	1.071974e+01	9.674755e+00	8.796749e+00	-1.000000e+00	
1.102187e+01	1.071974e+01	1.036499e+01	9.493768e+00	8.708830e+00	-1.000000e+00	
9.822697e+00	9.674755e+00	9.493768e+00	8.961865e+00	8.411194e+00	-1.000000e+00	
8.872423e+00	8.796749e+00	8.708830e+00	8.411194e+00	8.058802e+00	-1.000000e+00	
1.000000e+00	1.000000e+00	1.000000e+00	1.000000e+00	1.000000e+00	0.000000e+00	

COND = 3.607791e+04
alpha=-3.850088e-01	4.668106e-01	2.156854e+00	-6.558995e+00	5.320339e+00	
skipMatrixShift=0.000000e+00F:94
Norm=3.628735e+02
F:95
LHS=
1.126872e+01	1.071974e+01	9.674755e+00	8.796749e+00	7.987565e+00	-1.000000e+00	
1.071974e+01	1.036499e+01	9.493768e+00	8.708830e+00	7.943743e+00	-1.000000e+00	
9.674755e+00	9.493768e+00	8.961865e+00	8.411194e+00	7.787583e+00	-1.000000e+00	
8.796749e+00	8.708830e+00	8.411194e+00	8.058802e+00	7.590632e+00	-1.000000e+00	
7.987565e+00	7.943743e+00	7.787583e+00	7.590632e+00	7.282671e+00	-1.000000e+00	
1.000000e+00	1.000000e+00	1.000000e+00	1.000000e+00	1.000000e+00	0.000000e+00	

COND = 1.592298e+05
alpha=1.786846e+00	-1.105893e+01	2.847537e+01	-3.206139e+01	1.385810e+01	
skipMatrixShift=0.000000e+00F:96
Norm=1.092114e+03
F:97
LHS=
1.036499e+01	9.493768e+00	8.708830e+00	7.943743e+00	6.852808e+00	-1.000000e+00	
9.493768e+00	8.961865e+00	8.411194e+00	7.787583e+00	6.775239e+00	-1.000000e+00	
8.708830e+00	8.411194e+00	8.058802e+00	7.590632e+00	6.679697e+00	-1.000000e+00	
7.943743e+00	7.787583e+00	7.590632e+00	7.282671e+00	6.517147e+00	-1.000000e+00	
6.852808e+00	6.775239e+00	6.679697e+00	6.517147e+00	6.033613e+00	-1.000000e+00	
1.000000e+00	1.000000e+00	1.000000e+00	1.000000e+00	1.000000e+00	0.000000e+00	

COND = 2.347004e+05
alpha=1.920424e+00	-6.997132e+00	9.964639e+00	-7.832690e+00	3.944759e+00	
skipMatrixShift=0.000000e+00F:98
Norm=7.939569e+02
F:99
LHS=
8.961865e+00	8.411194e+00	7.787583e+00	6.775239e+00	5.938042e+00	-1.000000e+00	
8.411194e+00	8.058802e+00	7.590632e+00	6.679697e+00	5.892633e+00	-1.000000e+00	
7.787583e+00	7.590632e+00	7.282671e+00	6.517147e+00	5.812135e+00	-1.000000e+00	
6.775239e+00	6.679697e+00	6.517147e+00	6.033613e+00	5.532242e+00	-1.000000e+00	
5.938042e+00	5.892633e+00	5.812135e+00	5.532242e+00	5.208507e+00	-1.000000e+00	
1.000000e+00	1.000000e+00	1.000000e+00	1.000000e+00	1.000000e+00	0.000000e+00	

COND = 2.036374e+04
alpha=-5.433374e-02	-2.811971e-01	2.619340e+00	-6.554097e+00	5.270288e+00	
skipMatrixShift=0.000000e+00F:100
Norm=6.987160e+02
F:101
LHS=
8.058802e+00	7.590632e+00	6.679697e+00	5.892633e+00	5.169431e+00	-1.000000e+00	
7.590632e+00	7.282671e+00	6.517147e+00	5.812135e+00	5.131911e+00	-1.000000e+00	
6.679697e+00	6.517147e+00	6.033613e+00	5.532242e+00	4.981003e+00	-1.000000e+00	
5.892633e+00	5.812135e+00	5.532242e+00	5.208507e+00	4.803676e+00	-1.000000e+00	
5.169431e+00	5.131911e+00	4.981003e+00	4.803676e+00	4.560047e+00	-1.000000e+00	
1.000000e+00	1.000000e+00	1.000000e+00	1.000000e+00	1.000000e+00	0.000000e+00	

COND = 1.828569e+05
alpha=2.189147e+00	-1.120283e+01	2.534431e+01	-2.604528e+01	1.071466e+01	
skipMatrixShift=0.000000e+00F:102
Norm=7.118802e+02
F:103
LHS=
7.282671e+00	6.517147e+00	5.812135e+00	5.131911e+00	4.483069e+00	-1.000000e+00	
6.517147e+00	6.033613e+00	5.532242e+00	4.981003e+00	4.398223e+00	-1.000000e+00	
5.812135e+00	5.532242e+00	5.208507e+00	4.803676e+00	4.305924e+00	-1.000000e+00	
5.131911e+00	4.981003e+00	4.803676e+00	4.560047e+00	4.178862e+00	-1.000000e+00	
4.483069e+00	4.398223e+00	4.305924e+00	4.178862e+00	3.943507e+00	-1.000000e+00	
1.000000e+00	1.000000e+00	1.000000e+00	1.000000e+00	1.000000e+00	0.000000e+00	

COND = 1.213659e+05
alpha=7.255910e-01	-2.894496e+00	4.755072e+00	-5.331380e+00	3.745212e+00	
skipMatrixShift=0.000000e+00F:104
Norm=4.519139e+02
F:105
LHS=
6.033613e+00	5.532242e+00	4.981003e+00	4.398223e+00	3.940987e+00	-1.000000e+00	
5.532242e+00	5.208507e+00	4.803676e+00	4.305924e+00	3.890838e+00	-1.000000e+00	
4.981003e+00	4.803676e+00	4.560047e+00	4.178862e+00	3.827245e+00	-1.000000e+00	
4.398223e+00	4.305924e+00	4.178862e+00	3.943507e+00	3.692879e+00	-1.000000e+00	
3.940987e+00	3.890838e+00	3.827245e+00	3.692879e+00	3.523962e+00	-1.000000e+00	
1.000000e+00	1.000000e+00	1.000000e+00	1.000000e+00	1.000000e+00	0.000000e+00	

COND = 3.901636e+04
alpha=1.488083e-01	-1.913537e+00	8.274409e+00	-1.532857e+01	9.818892e+00	
skipMatrixShift=0.000000e+00F:106
Norm=8.025263e+02
F:107
LHS=
5.208507e+00	4.803676e+00	4.305924e+00	3.890838e+00	3.331481e+00	-1.000000e+00	
4.803676e+00	4.560047e+00	4.178862e+00	3.827245e+00	3.299752e+00	-1.000000e+00	
4.305924e+00	4.178862e+00	3.943507e+00	3.692879e+00	3.235413e+00	-1.000000e+00	
3.890838e+00	3.827245e+00	3.692879e+00	3.523962e+00	3.147589e+00	-1.000000e+00	
3.331481e+00	3.299752e+00	3.235413e+00	3.147589e+00	2.915477e+00	-1.000000e+00	
1.000000e+00	1.000000e+00	1.000000e+00	1.000000e+00	1.000000e+00	0.000000e+00	

COND = 3.332494e+05
alpha=3.347175e+00	-1.865514e+01	3.838225e+01	-3.096294e+01	8.888663e+00	
skipMatrixShift=0.000000e+00F:108
Norm=7.098259e+02
F:109
LHS=
4.560047e+00	4.178862e+00	3.827245e+00	3.299752e+00	2.769112e+00	-1.000000e+00	
4.178862e+00	3.943507e+00	3.692879e+00	3.235413e+00	2.737671e+00	-1.000000e+00	
3.827245e+00	3.692879e+00	3.523962e+00	3.147589e+00	2.695184e+00	-1.000000e+00	
3.299752e+00	3.235413e+00	3.147589e+00	2.915477e+00	2.570422e+00	-1.000000e+00	
2.769112e+00	2.737671e+00	2.695184e+00	2.570422e+00	2.354592e+00	-1.000000e+00	
1.000000e+00	1.000000e+00	1.000000e+00	1.000000e+00	1.000000e+00	0.000000e+00	

COND = 6.572467e+04
alpha=-2.611565e-01	4.133318e-01	9.203059e-01	-3.620508e+00	3.548027e+00	
skipMatrixShift=0.000000e+00F:110
Norm=4.319527e+02
F:111
LHS=
3.943507e+00	3.692879e+00	3.235413e+00	2.737671e+00	2.341931e+00	-1.000000e+00	
3.692879e+00	3.523962e+00	3.147589e+00	2.695184e+00	2.321865e+00	-1.000000e+00	
3.235413e+00	3.147589e+00	2.915477e+00	2.570422e+00	2.256935e+00	-1.000000e+00	
2.737671e+00	2.695184e+00	2.570422e+00	2.354592e+00	2.131767e+00	-1.000000e+00	
2.341931e+00	2.321865e+00	2.256935e+00	2.131767e+00	1.982137e+00	-1.000000e+00	
1.000000e+00	1.000000e+00	1.000000e+00	1.000000e+00	1.000000e+00	0.000000e+00	

COND = 4.155697e+04
alpha=6.806874e-01	-3.340446e+00	1.073037e+01	-1.814570e+01	1.107509e+01	
skipMatrixShift=0.000000e+00F:112
Norm=7.709863e+02
F:113
LHS=
3.523962e+00	3.147589e+00	2.695184e+00	2.321865e+00	1.821302e+00	-1.000000e+00	
3.147589e+00	2.915477e+00	2.570422e+00	2.256935e+00	1.790899e+00	-1.000000e+00	
2.695184e+00	2.570422e+00	2.354592e+00	2.131767e+00	1.730675e+00	-1.000000e+00	
2.321865e+00	2.256935e+00	2.131767e+00	1.982137e+00	1.653758e+00	-1.000000e+00	
1.821302e+00	1.790899e+00	1.730675e+00	1.653758e+00	1.463226e+00	-1.000000e+00	
1.000000e+00	1.000000e+00	1.000000e+00	1.000000e+00	1.000000e+00	0.000000e+00	

COND = 2.395559e+05
alpha=1.895195e+00	-9.220723e+00	1.759807e+01	-1.409673e+01	4.824188e+00	
skipMatrixShift=0.000000e+00F:114
Norm=2.965955e+02
F:115
LHS=
2.915477e+00	2.570422e+00	2.256935e+00	1.790899e+00	1.469918e+00	-1.000000e+00	
2.570422e+00	2.354592e+00	2.131767e+00	1.730675e+00	1.441121e+00	-1.000000e+00	
2.256935e+00	2.131767e+00	1.982137e+00	1.653758e+00	1.402791e+00	-1.000000e+00	
1.790899e+00	1.730675e+00	1.653758e+00	1.463226e+00	1.299271e+00	-1.000000e+00	
1.469918e+00	1.441121e+00	1.402791e+00	1.299271e+00	1.202728e+00	-1.000000e+00	
1.000000e+00	1.000000e+00	1.000000e+00	1.000000e+00	1.000000e+00	0.000000e+00	

COND = 3.093418e+04
alpha=-9.126742e-02	1.780941e-01	7.480943e-01	-3.351820e+00	3.516899e+00	
skipMatrixShift=0.000000e+00F:116
Norm=1.106822e+02
F:117
LHS=
2.354592e+00	2.131767e+00	1.730675e+00	1.441121e+00	1.248072e+00	-1.000000e+00	
2.131767e+00	1.982137e+00	1.653758e+00	1.402791e+00	1.228653e+00	-1.000000e+00	
1.730675e+00	1.653758e+00	1.463226e+00	1.299271e+00	1.172284e+00	-1.000000e+00	
1.441121e+00	1.402791e+00	1.299271e+00	1.202728e+00	1.118695e+00	-1.000000e+00	
1.248072e+00	1.228653e+00	1.172284e+00	1.118695e+00	1.065897e+00	-1.000000e+00	
1.000000e+00	1.000000e+00	1.000000e+00	1.000000e+00	1.000000e+00	0.000000e+00	

COND = 1.093787e+05
alpha=7.678933e-01	-5.328255e+00	1.779680e+01	-2.670970e+01	1.447327e+01	
skipMatrixShift=0.000000e+00F:118
Norm=1.518826e+02
F:119
LHS=
1.982137e+00	1.653758e+00	1.402791e+00	1.228653e+00	1.028734e+00	-1.000000e+00	
1.653758e+00	1.463226e+00	1.299271e+00	1.172284e+00	9.971201e-01	-1.000000e+00	
1.402791e+00	1.299271e+00	1.202728e+00	1.118695e+00	9.701242e-01	-1.000000e+00	
1.228653e+00	1.172284e+00	1.118695e+00	1.065897e+00	9.431879e-01	-1.000000e+00	
1.028734e+00	9.971201e-01	9.701242e-01	9.431879e-01	8.682349e-01	-1.000000e+00	
1.000000e+00	1.000000e+00	1.000000e+00	1.000000e+00	1.000000e+00	0.000000e+00	

COND = 3.907981e+05
alpha=2.721330e+00	-1.311386e+01	2.307664e+01	-1.674608e+01	5.061964e+00	
skipMatrixShift=0.000000e+00F:120
Norm=1.026386e+02
F:121
LHS=
1.463226e+00	1.299271e+00	1.172284e+00	9.971201e-01	8.551132e-01	-1.000000e+00	
1.299271e+00	1.202728e+00	1.118695e+00	9.701242e-01	8.404720e-01	-1.000000e+00	
1.172284e+00	1.118695e+00	1.065897e+00	9.431879e-01	8.271417e-01	-1.000000e+00	
9.971201e-01	9.701242e-01	9.431879e-01	8.682349e-01	7.855658e-01	-1.000000e+00	
8.551132e-01	8.404720e-01	8.271417e-01	7.855658e-01	7.333160e-01	-1.000000e+00	
1.000000e+00	1.000000e+00	1.000000e+00	1.000000e+00	1.000000e+00	0.000000e+00	

COND = 2.372216e+04
